9384
887
2778
6916
7794
8336
5387
493
6650
1422
2363
28
8691
60
7764
3927
541
3427
9173
5737
5212
5369
2568
6430
5783
1531
2863
5124
4068
3136
3930
9803
4023
3059
3070
8168
1394
8457
5012
8043
6230
7374
4422
4920
3785
8538
5199
4325
8316
4371
6414
3527
6092
8981
9957
1874
6863
9171
6997
7282
2306
926
7085
6328
337
6506
847
1730
1314
5858
6125
3896
9583
546
8815
3368
5435
365
4044
3751
1088
6809
7277
7179
5789
3585
5404
2652
2755
2400
9933
5061
9677
3369
7740
13
6227
8587
8095
7540
796
571
1435
379
7468
6602
98
2903
3318
6653
757
7302
281
4287
9442
3866
9690
8445
6620
8441
4730
8032
8118
8098
5772
4482
676
710
8928
4568
7857
9498
2354
4587
6966
5307
4684
6220
8625
1529
2872
5733
8830
9504
20
8271
9709
6716
6341
8150
7797
724
2619
2246
2847
3452
2922
3556
2380
7489
7765
8229
9842
2351
5194
1501
7035
125
4915
6988
5857
3744
6492
2228
8366
9860
1937
1433
2552
6438
9229
3276
5408
1475
6122
8859
4396
6030
1238
8236
3794
5819
4429
6144
1012
5929
9530
8777
2405
4444
5764
4614
4539
8607
6841
2905
4819
5129
689
7370
7918
9918
3325
7744
9471
2184
8491
5500
9773
6726
5645
5591
7506
8140
2955
9787
7670
8083
8543
8465
198
9508
9356
8805
6349
8612
3623
7829
9300
7344
5747
5569
4341
5423
3312
3811
7606
1802
5662
3731
4879
1306
9321
8737
9445
8627
8523
3466
6709
3417
8283
3259
2925
7638
2063
5625
2601
2037
3453
1900
9380
5551
7469
72
974
7132
3882
4931
8934
5895
8661
164
7200
7982
8900
2997
2960
3774
2814
9669
7191
1096
2927
6467
5085
1341
2091
7685
3377
5543
5937
9108
7446
9757
9180
8419
6888
9413
3349
2173
1660
2010
2337
5211
6343
7588
8207
9302
7714
7373
5322
1256
4820
4600
7722
9905
5940
9812
3941
5668
1706
6229
1128
9151
5985
6659
3921
9225
2423
7270
1397
4082
5631
85
9293
1973
7673
3851
7626
5386
1223
6641
6043
3899
714
2299
6191
525
2591
8210
8582
8820
9337
7733
1156
5995
8005
380
4770
5274
1777
8851
7256
1861
8143
5580
5885
1994
3206
7622
9568
2505
614
1962
1327
4260
8945
8203
3203
3507
6785
2022
2843
869
9529
5190
8873
9909
9959
499
8037
8809
7754
6249
3304
3334
2134
1649
2891
9755
7568
1747
369
4501
8047
3789
9798
6250
6991
3034
5364
2498
254
4893
7687
9126
1153
3997
5976
9189
9158
3730
5437
2461
3415
3922
461
6305
29
8028
8051
6749
7557
8903
4795
7698
8700
1044
1040
2003
429
6404
682
7648
8539
6160
5152
2536
2135
4340
1693
2216
6128
505
5630
50
965
8286
5344
6336
3178
2901
5239
7972
6950
290
5368
7989
2293
5796
744
3145
2830
8391
1683
5341
3542
570
3827
4233
2262
361
9118
8024
6762
82
6310
3191
5426
8997
6368
4678
4235
691
1627
4525
6058
9615
3169
8206
359
6313
7387
5101
4347
2727
4995
4917
6553
5579
3530
8947
2291
2648
6971
9052
9081
9632
8594
858
8628
1313
1887
9215
8356
3513
91
4413
9480
9611
8970
6190
2275
6356
7642
6621
5434
8988
7889
8339
4567
7771
7285
6857
418
607
2261
5850
238
7206
3060
5218
8519
4946
784
6874
8459
874
4290
484
6608
479
2758
9315
4472
5730
1101
3460
3619
9439
8026
1389
3075
1234
8158
3682
3494
271
700
3418
1840
5570
8364
2623
8795
3174
9848
6432
7463
6683
9391
4293
5792
5058
5116
1522
6158
8575
1492
1948
2952
9232
5022
538
3741
5055
4031
4099
5326
1082
7517
3517
3003
2232
6140
1797
5405
2339
4581
9219
9022
3971
9863
4813
5380
4978
2686
1537
4177
3484
9208
9760
4858
9745
3500
9912
128
3951
5237
7561
7819
5106
564
1245
8712
1806
9935
3292
7376
8956
3615
3590
3769
8994
4919
2806
6883
4823
6983
6718
3094
1575
127
6594
1487
544
7815
4714
8180
8378
4763
5776
7089
2920
5711
6733
295
1018
347
236
1138
5692
5154
3944
2574
6329
9292
6711
4019
7218
6837
6964
5056
7091
3859
8131
4905
8572
2662
9634
9686
4790
3074
2605
6852
9806
9251
7869
6504
9486
9007
2196
4640
2950
1121
968
227
6764
7678
597
3982
866
9037
7956
3519
9212
2533
5197
7322
4985
4173
4428
2041
7284
73
7399
5831
1064
348
6951
2031
574
3715
6060
7523
4048
6925
5083
9436
1233
9205
444
1899
5487
5641
4279
9160
263
9263
9684
1042
9849
1724
8325
6273
9123
4155
7336
5822
7458
9366
2748
1172
270
5219
8702
1704
4654
9934
908
3960
6729
2807
5798
8721
1309
5335
2699
992
6377
8899
2716
1053
5172
8190
1560
2507
4011
9017
8225
3110
6540
1
3379
8110
5054
5082
9115
1339
5990
9427
8068
5148
5224
6788
6533
2123
1282
3876
4851
180
6591
2255
5351
1132
3814
7858
1495
9182
6082
4604
5721
2434
7983
182
7488
9416
9297
8826
8723
6893
552
298
33
9135
3182
8507
416
7058
596
10000
1963
2298
7484
5777
155
8978
1310
2588
3383
4267
3564
8861
3683
7686
9087
4286
931
5991
4584
7315
1477
4117
5821
1893
7526
5529
8840
7491
1137
1361
9619
7644
338
929
6583
6622
4311
889
4226
6816
4571
3438
854
9
7723
1784
8658
9098
3828
9127
1270
2072
6652
3150
911
529
640
8399
1889
6611
2394
8578
3891
8977
5200
4553
6932
6088
8778
100
658
8567
953
7018
2642
2736
9369
1299
8185
3196
6777
5806
5267
3429
8955
2529
309
9594
7279
2198
2556
9673
775
6446
5001
2326
998
8284
8413
8383
5422
4694
9335
2440
7335
8422
8160
4986
2958
1355
1762
8763
2973
1542
7717
1853
1851
3663
5483
400
6218
5155
1174
9016
6507
9852
6365
4791
8264
2492
3173
38
3538
8860
8829
872
7281
8342
5353
7666
5512
9518
7362
3084
1352
4113
9301
1639
4668
9365
1490
1033
6105
9876
3680
6142
3413
2539
4970
637
6171
1957
2845
2761
6815
4466
4315
2327
3887
184
6040
6970
1536
153
2622
4394
1791
7290
110
4674
4265
5736
4549
4296
1878
4314
6834
3199
4950
5156
8469
8157
961
2934
8824
3287
3172
5359
5678
141
3246
2182
2762
3991
324
51
4101
9955
1076
8365
2043
2660
3920
6290
5845
3470
1239
1552
4977
5384
3134
6344
9305
5982
2476
3667
8012
8968
6913
193
903
6869
8132
5003
3175
9719
5217
1184
2378
5488
7473
4574
8958
5063
6126
3934
6798
2497
3419
3142
8154
1727
5475
6981
5394
3486
5949
31
4030
9560
6899
2161
4563
6425
7720
4281
1642
3011
3481
7584
8790
4141
3709
2724
939
2558
2494
432
711
4221
5906
7691
9614
9392
3639
9422
7668
7830
2672
6181
8744
9096
3900
3025
9155
2387
8233
9970
2374
8434
9664
7280
95
9650
1500
2352
7340
7465
1743
7331
2087
7516
1350
9916
187
5635
4134
4388
2723
3288
6774
9644
1520
6743
5355
245
3125
140
6260
2064
7419
6354
1713
5270
8706
2734
6800
2735
4316
436
670
2451
6488
4803
6838
5563
8090
3611
5206
5961
6705
6912
9830
3404
8817
822
1523
3606
2444
6580
5362
4448
2701
4046
4883
3788
4900
5552
2590
1387
354
6949
3037
7108
6093
5418
9665
5922
8821
8481
4167
6355
4124
8438
9485
6318
3932
9018
6710
5166
9157
1609
7070
1746
2996
7423
6296
8570
560
4802
5677
6572
8926
1744
173
3092
4090
6528
3567
8879
5813
3051
2125
4214
5187
8500
3371
6795
9343
2640
2438
4264
3591
9940
6203
6514
1632
8258
1805
4572
2347
8139
1226
496
7541
6422
8973
7227
635
4159
5726
357
7646
5473
3447
3340
8112
5884
7604
7662
5826
7543
217
2340
9175
5345
6268
9295
2014
758
520
4651
3293
7833
1877
280
1991
3954
636
9296
1599
6108
2742
4938
2541
4585
802
84
4801
9493
5610
6497
6441
2940
2764
1305
9874
2607
165
4524
2252
4350
2752
2531
6340
3166
1987
8303
5626
1080
9592
2548
2408
8485
9562
1932
9054
8428
5495
9820
7544
7582
1124
188
7640
4644
2439
1989
7395
1321
4681
4487
3019
8753
6464
4696
9011
3180
6143
6067
8099
4426
1473
4979
2854
6967
4798
4548
2273
517
1087
9913
5160
9878
1901
2554
1198
2933
3004
2036
5952
8108
8499
3862
2907
2335
4
1764
3634
116
6561
382
1015
5186
898
2101
5098
2409
8330
3350
5880
2635
4317
7915
8586
8776
2766
4987
7931
6627
7893
6617
6630
9570
9753
7410
6367
1516
7396
2834
7777
3848
5027
2301
1063
3787
630
764
6509
3398
9417
776
1983
4545
3541
3321
8827
6519
7566
1795
9500
7135
1547
6909
9854
3063
4304
2687
3843
8433
6535
9808
9811
8835
870
3597
5816
7985
8697
2325
1383
9452
9717
9344
3038
4188
5862
603
5361
4089
3880
8621
3942
3294
6629
7136
7709
3163
6943
3871
1997
4164
7467
7812
8501
2516
6235
3333
5951
8694
1634
5340
2881
7495
2294
5214
2855
6383
5445
1476
8739
752
6952
5874
4812
6466
9169
8682
4814
2500
4536
5015
5465
770
8347
4108
3073
3392
5741
8412
2624
9588
7837
8794
3440
3282
115
8372
7372
8535
9884
9765
3568
4698
5801
6068
3675
336
7434
5491
2133
5950
530
5524
1691
5293
8148
7630
2350
2336
6423
2141
1969
3044
2256
340
6767
2026
937
1654
8261
7053
5221
1288
2984
9541
8722
4827
6998
7128
3879
2729
5170
7228
2799
1521
9564
9222
3661
7884
8617
2268
8224
5383
7036
2564
8609
1863
1769
9896
1199
7661
4969
2377
1010
2174
4888
1255
4058
8482
3824
1930
4397
3045
1943
2281
8013
4210
6856
9748
4855
2367
3135
3760
1974
9402
3414
2959
4423
1485
7756
9091
8781
6072
3924
2604
8001
8321
2001
9943
6953
3808
2526
2895
159
4637
1091
9561
2627
615
2974
1938
8866
3749
3422
9410
8864
5401
1833
2787
9834
7459
6357
4411
6369
6632
4570
6129
5375
11
4902
8990
1868
2491
927
733
6239
3706
9563
5458
3833
2349
3462
18
6170
9129
5140
5019
7471
393
1281
6755
2534
1708
5744
4401
551
3022
1486
6789
3721
5191
5141
9635
648
1984
462
1695
6631
4192
5064
5521
6555
539
7143
1493
8423
35
7309
9781
1709
8645
2803
9546
1785
6523
6926
1736
8603
4493
8549
297
8987
841
4050
7052
513
6957
7590
7655
8449
4873
2429
8483
6089
6577
2338
7798
3695
7006
8015
4783
283
524
2870
5016
1418
1885
2725
755
6351
3237
7711
293
7243
6159
5165
6024
4642
2112
7570
6411
6261
2791
7903
9956
6148
5917
1090
2782
6440
3959
8018
7807
5376
9902
4512
4675
8979
5266
7378
2977
2162
4537
6907
3000
3317
9261
6840
7571
5568
2987
3487
3009
5768
6278
137
4947
9720
213
7097
3935
1118
6096
8675
632
8803
7209
3631
2852
526
9243
9691
1162
2677
7935
4170
4796
1136
4932
7352
5901
6689
8862
6975
8402
4115
4417
53
8583
1626
1434
8503
9278
6791
152
7236
7800
8448
1503
4629
7550
3800
590
9014
9877
7564
3767
6985
7195
4760
7037
6385
7072
7210
4685
540
9491
4836
7776
451
9782
1927
5251
9879
6265
3580
6759
6854
6635
2712
6978
4106
6258
1737
1143
2035
4473
4566
5596
7266
6633
3108
1468
377
3559
7602
2303
5161
9964
2083
5039
6228
2015
9434
959
8431
3670
660
9928
3496
8314
7968
2719
261
30
2632
9444
4713
3008
9354
2314
1663
4514
8629
97
9552
4857
2111
7700
642
2482
7196
3091
7890
7855
9370
7737
6009
7683
5705
8727
5734
1415
1188
7725
211
4565
5739
4724
3194
5835
627
4402
7946
8326
1395
7367
807
8590
457
5048
2796
9827
2785
8804
3861
4841
3883
8156
5696
5291
2506
7947
9367
9068
5105
3791
8409
7291
769
9162
5236
9094
556
2602
6252
9145
9411
7652
8292
5589
3448
9449
5276
3957
2201
5330
9652
7835
3950
6902
9165
4665
7044
7573
1956
6734
3543
3257
3641
5860
9137
8259
3511
7429
3847
876
3295
1925
4557
7251
4126
9886
3254
4320
4072
3881
7325
2720
4897
4368
6645
3204
8531
9730
6747
1787
5595
3853
7509
6287
7699
7806
3514
7345
9731
948
208
659
4201
879
4759
2054
6008
2773
6176
9211
1303
5905
2309
9441
5627
7087
4486
8107
947
7124
5805
8752
638
9502
4834
1411
449
1393
2070
1001
2272
3151
5109
3382
1557
8288
9389
4329
4463
4952
6719
7260
1424
2346
1515
4862
3183
5973
5808
6658
8130
912
7295
7631
5745
8079
7138
7127
9079
5761
4187
9142
9640
849
6359
3445
8624
1311
4590
1247
5413
6556
4894
3043
9951
5790
6551
1550
57
738
7043
8242
5915
3459
5555
8265
1555
9282
3320
9217
9119
4261
6500
4764
5507
1319
9971
6702
130
5329
2418
7056
4780
8980
7090
5248
4854
4996
881
4212
8785
712
1115
644
5327
1043
5108
4097
7219
3442
7232
2211
1895
6895
9618
2836
8338
8054
5316
9214
8618
5315
7999
5681
2781
8642
1007
1565
6036
7639
3024
132
5753
243
5546
3826
7825
7757
4464
1003
4081
8907
3492
6990
1545
8657
8389
162
2739
5842
3103
1380
6849
1019
839
4043
251
2943
4285
960
8489
4462
5136
2597
8925
1207
3599
9357
114
4436
2848
3455
9963
745
4703
7258
2433
7441
6300
5290
3490
6947
5540
7583
2851
1273
2044
7987
3869
7320
9193
3819
6677
5658
8254
5876
5464
8216
3926
9270
3878
2710
9681
4596
2332
7501
3523
4447
5414
4957
2030
425
6251
6449
7745
6619
773
3805
6648
9268
9440
9620
8710
1771
6851
1860
4351
4032
5149
1643
8989
7178
9907
1569
3955
2509
4370
1699
988
2471
2212
5470
3727
8004
1441
3272
3065
1289
5527
1187
817
7542
9028
3079
123
8227
1766
8400
9968
9359
533
7409
1677
6231
240
8052
9373
8243
2645
1307
781
4523
7950
6387
3329
9977
6510
6388
4627
1139
2650
5669
8147
9429
721
6175
5659
15
6415
63
5740
4657
9555
4736
2316
335
9258
1161
4636
2508
7547
7965
2484
4056
704
7038
5034
1843
7684
7217
7447
1150
7938
3622
3160
3222
43
2776
4778
9711
9463
387
871
4098
2894
8418
2062
1729
8825
8767
8467
7894
260
5110
1336
3047
4496
3703
7814
4875
7524
6307
5261
8395
404
4507
3164
8818
8340
1353
8550
8894
9819
6443
5505
6
7905
5914
7693
7303
9945
2188
1005
362
6257
1102
4527
2328
2051
3055
3940
6797
9810
8446
6312
2913
6033
9553
2204
3662
8561
5928
6253
7554
5872
8558
2585
1049
6011
7112
4149
5514
3555
2278
8662
3364
7075
1325
8343
1755
4140
1879
5765
5778
4903
828
1705
1155
8381
7576
5947
3291
161
6995
3624
5489
4697
2620
4150
9694
1826
1449
4152
5588
2383
1903
3184
3607
4338
2168
7535
6637
1810
4047
1110
1126
1452
3158
4071
3659
6586
3765
5484
9340
5987
6053
3504
8369
2177
5433
1328
431
4968
1467
4038
1572
5618
2276
9256
9639
3401
708
9148
5574
2160
993
7851
6458
6979
3903
9961
5348
2432
1745
3027
2862
6712
2369
4478
4822
4661
6272
1880
6688
2587
8280
8614
7364
7437
7125
8610
8429
4975
5067
1760
5230
5028
6772
6485
9836
7330
8159
3216
783
8089
9543
5501
8963
2937
7572
7718
2639
9477
8188
4018
2935
2200
7141
5771
9073
3328
9197
1883
7611
495
5099
8393
7954
1054
5803
2653
1615
592
9987
5539
2945
4529
489
8546
3423
6035
2038
5545
5366
4997
656
7248
8698
7351
6084
8404
8239
1056
5893
5192
7496
4489
5440
7984
8324
7758
4359
3303
9466
4092
121
3609
7623
6389
58
9362
8296
6241
6769
2142
3376
9342
3054
7224
3830
4845
1559
2153
1534
9317
6511
8971
9973
8801
3581
2775
4781
2832
4172
7480
7020
8020
4562
5513
7747
255
4918
4084
9763
6529
1296
2197
5451
1167
4130
2257
2930
4297
4719
2056
5430
5609
9601
8719
2879
6738
3629
836
3309
4318
9423
8686
3258
882
8708
2837
880
5890
2119
1528
608
4174
6216
2909
2075
4131
1977
7220
6047
8056
5840
5707
8898
9766
6131
8473
7173
4530
4404
419
6132
2284
6657
5592
4853
8371
6829
6027
6124
2073
531
976
7780
7095
7485
9260
5992
7250
7810
8474
4982
9736
5738
5867
8021
3502
8875
3612
3446
944
4816
1644
4194
2323
6781
2618
397
6299
1592
2290
3818
763
7268
5151
117
3355
888
5573
5260
9742
9539
39
7706
1590
8251
264
4815
868
9468
8922
7617
5766
6866
3625
4407
2059
7442
9326
2592
2680
9832
4229
8252
5091
3970
2698
314
792
353
3917
8733
8387
2167
8996
3201
9386
7002
580
5339
1338
7397
4419
2858
3363
846
2105
1426
6708
9406
1606
6549
5282
40
4040
4277
9778
9092
8065
3131
6023
9756
109
7361
7152
6570
6578
4241
7416
5193
5390
6940
1147
7695
5024
6771
2976
7162
3605
1006
6939
2696
70
5070
5177
178
2430
8681
9000
5258
5297
2767
3939
9082
7959
5680
7503
1250
6826
7225
6147
873
2248
2917
78
7452
7017
6499
1617
9967
350
1022
9349
1906
2670
1752
7876
5606
4027
2831
1926
1430
3089
5773
1444
9519
9577
2462
2887
2427
8902
6324
3995
6871
697
6397
5425
6333
4864
7621
7641
1848
6393
8019
9223
4544
4826
7005
3984
909
5305
6163
9063
5652
3033
5352
6348
5367
2744
8327
8838
7951
5970
3399
805
4577
7809
848
7879
6256
7109
7164
737
8765
9678
6152
4416
7115
5613
3221
6211
291
1271
169
8942
108
1690
441
9190
7305
118
6654
8152
4348
8853
1456
6424
5942
6573
6102
2093
5163
9947
4455
9520
3770
790
7185
2711
1656
8502
7784
2104
789
1212
3697
1812
9020
6472
7753
6197
2931
4088
3737
5663
753
1335
2804
6405
2297
5830
9200
6157
6618
2159
7368
6666
323
3138
8075
1978
4272
4909
2501
67
5750
1401
7936
1798
7047
9431
2691
8217
4983
8847
1186
3493
6215
7852
3815
8953
7341
5754
8865
2191
8255
7187
4673
9288
6073
4222
9390
1661
7443
311
9993
2425
5510
7530
2270
8076
5381
7028
2721
4310
8475
3189
3081
5171
5933
177
983
8652
4399
372
6664
2148
458
5033
8492
9235
542
6022
1504
6827
6306
1653
7804
4733
9327
9196
8837
5259
8521
9013
2593
3524
2965
6539
8133
1464
6308
2583
59
2329
438
6434
4376
7024
3260
8991
4912
3147
2486
5996
2473
8033
4832
4083
2906
197
6676
6429
9320
7455
2668
3961
3762
1602
371
2442
2039
5398
8876
2421
8487
1757
2102
5746
7375
5324
6930
1457
7126
1009
3436
4123
6680
4231
1578
9347
8191
4914
4133
9338
5752
9084
1494
7508
7537
1244
2410
6136
150
3919
7592
5724
831
6198
1414
7775
8117
5956
5416
9950
4754
1180
2957
6615
716
4151
8398
1739
5612
2009
3856
9404
5278
2012
5602
307
1419
1175
1368
4324
1478
4219
9470
8447
9306
3925
5728
4138
3726
8665
1965
3016
7567
3322
8985
4110
3202
1028
8857
7991
8526
2789
4184
6713
9371
4492
1450
3533
5498
305
9482
3064
8872
2982
2
703
4988
5534
6066
71
412
9469
1918
3990
2993
3874
9459
7634
5292
8786
798
800
2289
4772
1221
6182
6051
2002
8930
7193
9271
7081
6538
3144
4410
2348
8867
4004
4789
9794
8426
722
7064
5333
1568
3245
3316
5247
2245
8290
8791
1722
5328
7676
877
1667
232
6455
7772
4626
4336
1258
3516
5057
8848
8515
6946
759
1587
1954
3308
3018
2975
7850
216
7823
6873
8231
2158
9154
593
6542
7071
5459
9839
6217
1425
8540
1193
1084
9833
3039
6243
2919
6410
8923
1149
9246
8909
1379
5980
1648
1217
2565
4216
7456
77
2586
3302
5812
1976
5896
3557
2213
7487
6758
1236
7242
6004
6150
2193
7451
3841
7398
4012
1205
9816
2401
94
9348
728
5989
4538
5975
7874
3102
1584
4191
588
1778
4202
331
2889
8811
3023
2560
3386
7304
7301
6056
6783
6259
774
1362
7510
5558
1711
4683
9089
7358
9004
4658
8725
5508
9532
470
7460
1666
1852
7208
2207
4829
7761
86
269
5452
5446
8122
801
3370
6846
6427
1027
8705
4663
3296
5132
7107
8541
2121
6558
3701
6291
3643
7308
6376
5014
2061
6301
2861
5639
825
4555
301
472
2790
5432
7579
7682
3905
4228
4280
8312
3095
4603
3915
9704
5280
5509
5357
8161
5979
8565
6915
6451
1354
8699
381
5388
9534
7846
9645
8800
7774
3829
7990
547
5701
160
9533
1680
8724
2800
1498
8510
1817
6804
4147
6337
1059
7184
534
2096
6828
9333
6221
1814
49
1928
1992
2474
2304
4910
4526
2464
4443
6205
7539
3594
686
320
1443
5547
8488
8246
1367
2634
4582
7093
2613
4366
2415
9132
1071
7716
3534
273
7424
958
4096
6222
6505
819
4223
1753
3220
3872
9790
7316
4456
1750
9939
6135
2820
6684
203
2705
7870
475
129
4224
5223
4863
4726
4146
5167
7365
4438
7735
718
2561
6481
2468
8967
5287
7992
3779
5047
3979
4418
4556
6372
9280
5634
585
4283
5756
8320
5389
8595
4208
3798
9495
9331
259
3838
9086
6059
1821
8192
6247
1413
6277
559
6668
2946
2057
7892
568
6264
1689
8010
2110
1020
4620
6457
6959
4299
3017
6119
9983
662
2074
9627
9674
3577
9146
497
5410
9254
8506
6625
3128
3732
306
9850
2479
511
5059
8937
4686
7504
6448
7042
5594
1095
7538
7355
6700
2395
1225
5519
3746
9110
2219
3226
2524
5722
9042
4552
5904
897
9610
1192
4295
550
4112
1154
5043
6297
3790
3873
1934
9308
7619
7878
844
6587
6754
1980
6693
7883
9075
7724
6546
1835
8306
1915
7511
735
8211
3416
8436
1701
183
6054
9095
8061
6897
2033
9813
3632
7060
7321
2817
1135
9322
2621
7667
5013
5178
5450
4945
3885
6646
3157
9938
2092
3186
4125
2382
9350
4488
2981
6382
1092
6392
54
3908
7527
9702
3269
6848
8674
7288
8212
2465
5009
3761
5245
88
8850
7656
3813
2979
3400
6547
4070
9792
9005
7598
4885
5080
7461
195
5113
1728
9420
9121
6447
5097
4840
1807
6409
1111
9590
3539
3298
7793
4775
4729
1382
119
6331
2287
5144
2877
2857
256
4605
7403
76
1237
620
5337
2428
7237
3495
7688
3645
74
4720
7167
9723
1941
4452
6597
922
9279
5406
6065
2156
8262
3112
3242
514
5988
1133
5005
8415
4722
9456
4792
527
5317
5604
5006
124
5623
9587
5216
6452
4884
8416
9889
6830
4740
9283
7023
4195
8166
5910
463
4747
2801
9641
4063
4647
7244
6037
8676
1104
3281
2487
7216
2700
5873
1982
9247
995
3764
3256
2844
4354
1996
1055
2190
1469
6836
3857
5511
3188
1460
2966
6468
3947
3684
2673
1535
5908
6139
151
4510
8917
8884
8062
8470
611
75
9525
5549
1202
1497
8736
2661
1556
3297
1591
5632
4831
7498
2651
4624
5560
7919
9676
1585
8146
2942
8011
7201
1366
9101
2567
9575
7836
5228
388
5743
7333
4866
4830
3832
9265
5123
2771
8718
9116
5918
4682
7194
5018
9206
7156
4948
3365
7192
8633
9885
3646
143
9446
5395
9266
5828
9890
9203
8690
8318
7887
8631
7886
6665
5787
9186
6381
2978
7818
1386
5710
1276
3638
9227
4268
1549
5227
7272
3214
1793
288
5147
8128
405
64
9318
8544
79
3032
2812
4390
7413
8297
1036
6442
1605
3771
4343
6285
8918
7275
8703
8451
8230
8199
6858
4330
8277
6255
1993
19
5032
6179
7406
1285
5081
9241
2743
9424
3050
860
9572
6576
5358
4774
5946
6039
2187
5656
7414
5674
3592
3080
5306
667
9374
87
6585
6010
7719
5412
7971
3758
3289
469
7040
702
8954
645
2152
7294
4865
7960
4533
1910
258
6843
257
7522
6833
3347
919
3653
386
6146
5691
8071
7842
4528
4877
277
7707
6886
3678
3728
9475
287
2595
3348
5954
9433
978
9138
9131
8248
9516
2571
5288
9710
9399
885
6682
1323
741
7347
6822
6701
7010
2485
7499
2499
5289
7482
8317
6928
9039
6976
7204
2025
2647
8655
6568
9112
984
4648
8508
3483
2614
605
8921
5485
7479
5038
4454
8593
1942
3152
7928
9228
6071
7039
68
3694
1029
3850
5936
4511
2816
2893
2910
8165
4386
5644
5775
4367
4742
1958
7663
9869
6596
5516
8183
2944
7669
8384
5232
8532
8124
5254
5207
225
4732
3892
5825
3704
1265
3488
9924
1790
5429
5372
4737
761
1377
8943
5397
3679
1765
6240
1148
8880
2753
7120
8245
7363
1933
3909
1857
5689
1505
6450
9233
981
1774
6412
1261
6651
8760
1530
1512
5234
5044
7995
6225
2419
61
3969
4166
9944
5670
2459
554
2235
9847
3525
8606
6469
6661
2441
687
9080
2502
5196
6477
6470
7912
643
8831
2664
3918
8195
7601
5998
2203
8574
2532
179
8237
6839
1421
8924
471
8747
6744
4734
8941
9567
2321
3339
4824
986
940
821
9540
8417
1775
8113
8291
3786
1482
9061
7974
9531
1069
616
2994
9557
8912
6169
1665
5859
6489
4009
9900
1566
5436
4365
2513
2655
8792
4769
488
4239
6735
327
1324
6494
2403
9517
7763
9777
9328
1564
1841
3148
3668
3635
3475
4225
5231
8635
2813
5281
5174
3485
1403
6581
7532
575
3394
9398
7061
1158
5382
6219
4467
2693
1173
628
6271
45
7796
3529
6361
2941
3082
1105
6820
7181
2569
594
6137
8145
7854
4364
8672
2165
3374
4593
9130
4546
942
7481
5899
1949
5742
9454
3886
5250
4601
589
6765
5182
5894
4543
586
2658
778
1344
4606
262
2226
4132
7529
437
111
7008
4711
2311
7597
7828
2308
3965
9949
5308
8653
6562
7533
9612
8096
6320
9921
5309
1959
8669
7492
621
5319
2928
5392
6130
3980
1168
3099
5084
9660
8969
3477
1862
9024
3820
2867
4440
4688
8186
3719
6433
9929
9914
1869
2581
9364
9023
6275
1479
2040
3420
3783
1633
1499
9845
9880
6111
8813
5114
1611
7386
7885
8679
8450
5911
2874
9448
7041
4074
4479
5354
4787
7142
732
9536
2542
8348
5271
9958
1392
3520
8276
9599
9430
7502
9680
8878
894
7917
286
4967
4258
7751
6490
7760
1204
6474
7033
8944
9125
6445
2644
5854
9707
3655
600
6342
5566
5931
1922
9059
3170
7139
4374
8836
7199
1246
2495
9465
6110
3119
2452
9603
9461
7920
5576
5844
2916
4690
4960
9980
5999
9376
4016
5463
6462
4933
1990
5877
8281
351
5794
7864
9791
1191
1410
9316
3391
6226
4181
2702
9113
3999
7454
375
4608
6877
402
1093
9616
8895
883
806
304
6550
4213
1742
7603
4176
2274
3806
3229
7738
1210
6678
2384
6948
5541
3535
7587
692
7844
4137
4701
8961
5853
1235
2460
8972
6616
515
1222
2300
3545
2155
492
3943
647
7945
4586
8636
5074
8715
9774
392
4256
6244
5490
7239
4461
3854
1966
1427
4872
8948
5363
9242
3968
4069
7848
826
2704
5923
7770
1218
2024
6803
756
7314
4041
6079
8126
4247
9453
5673
7608
6038
6881
267
5285
2517
4890
4540
6714
1342
8505
7957
7768
4670
490
969
6832
1337
410
3061
55
9544
1669
1658
5424
9989
7157
7092
3137
2239
8497
1141
2399
7129
166
8151
1134
7895
5661
4922
2067
4465
7011
4899
5021
322
3409
8294
3949
532
8797
4458
9207
9447
428
4445
1761
7371
6154
3031
6099
1813
9651
8486
3240
5497
3540
5633
2381
1662
5649
1109
4392
3153
3816
9218
1668
902
4935
5643
8897
252
8774
2236
8678
4327
2247
3467
772
2990
8559
5924
8784
8868
4595
237
9843
5809
4243
7359
7168
3778
3596
8808
8755
214
9747
2490
5667
9019
886
3613
7310
201
3505
8892
2342
2411
4450
378
8176
8045
5538
4611
1636
7100
1870
8134
852
1052
6814
652
3657
7976
7329
8106
4705
5504
2503
242
7113
3028
99
7514
1896
6246
6057
6898
2084
8003
7003
6859
683
6117
1563
8619
5731
6294
6483
1065
7407
6363
1801
2483
2046
7016
2467
9099
8852
5334
5262
422
2802
4811
1792
2413
8155
6453
6601
2343
8401
6174
7235
9401
1586
4951
684
719
8780
6052
9201
2880
2477
8677
7704
3823
4687
229
8913
4799
181
5479
9772
899
7476
8551
7438
8278
4788
1227
3616
599
3817
1315
5137
5220
8100
9250
4021
1985
9499
1756
6145
3326
4408
4305
5393
5531
9163
1888
9761
5704
4049
3575
1674
5939
923
4653
3547
8552
4025
4784
6694
5605
5617
2249
9192
6817
8524
9574
604
3120
1117
2751
9925
3497
4120
7166
1703
303
3243
7119
8164
1995
654
2598
4779
7013
966
6937
3569
1598
6280
7998
5226
7131
2042
1219
2267
8933
3261
9496
4441
3845
6018
1601
5313
5126
1078
1077
562
5891
1904
4509
6670
8919
6600
8471
7079
9861
7966
7871
8846
1811
3889
447
7123
1881
8600
8182
2488
5611
9917
4186
8493
1004
9353
9457
5916
2458
3239
4762
3479
7742
4569
7973
5181
9936
2859
4121
4196
7703
7055
3821
4655
3077
5758
7063
4773
4363
4091
6996
7841
1089
1794
3782
8962
6493
9701
5703
3405
7326
9804
460
1146
810
9888
6903
7872
7202
8742
9646
8268
1439
2049
8135
7556
979
3781
2375
1107
8530
8604
1859
3563
591
7116
1561
4405
5843
971
1628
2454
8309
4746
4597
3200
9049
1130
8964
8072
1295
6274
7190
7834
1594
2098
4645
4580
4033
415
24
8181
5525
7505
5577
6918
7158
1343
2053
4104
5841
6201
9378
1637
5457
5759
1820
5023
2995
5089
4198
5889
9793
2224
9170
7464
1182
5011
467
2229
7799
4716
6698
4062
4706
565
6673
4206
651
3998
3086
9226
549
407
7940
5253
4758
346
2021
8525
6188
742
5526
4003
4274
8456
6737
6395
8341
2315
4937
7384
1298
4588
3802
569
895
1458
4165
3336
4520
5427
6352
8516
3208
2947
8462
8453
1613
3389
4020
7821
4066
9865
5523
5210
3352
1252
2865
3161
7247
9102
746
6543
3274
6408
6686
8125
9487
6844
5767
6399
500
1214
4017
4972
7729
6407
5411
1635
5134
3473
736
9324
1021
8807
8726
2823
7339
6456
4607
8315
3273
4871
6322
4008
9510
9221
7665
9738
5868
6156
2034
3548
6904
3234
9503
5075
3315
7552
2089
2436
6669
9716
3573
851
2259
4029
6436
4622
2397
779
5713
4833
5415
1882
3223
8435
7949
8359
8041
7785
1183
2286
6245
5112
1718
9571
408
3868
5690
9647
8235
8787
3087
3324
9164
2866
7694
7977
7264
8385
7214
2732
3280
4446
9797
4477
445
8031
1051
6076
528
9394
6819
4291
7787
3522
7546
6850
9657
8344
486
8788
8452
7212
7759
8187
4551
2504
1702
1909
6855
9795
5198
3985
4940
6019
1129
3777
835
4961
12
5957
4217
7997
1577
1913
9272
7712
701
9003
3071
7021
8175
3305
4522
6634
1047
2733
6725
9184
4309
510
3812
6133
7875
6878
1404
2841
6592
8995
1113
3916
7942
7094
6178
920
487
5277
1083
2685
7082
6127
4923
8476
1316
3469
933
973
563
9609
186
6880
6962
83
5399
3068
6406
4073
246
9382
7160
3385
7877
9346
3210
8375
172
7575
1971
980
3722
809
4406
6531
9969
7490
3353
4928
5275
8810
1451
3618
2697
7001
9617
1108
975
221
6028
5959
7238
4886
8689
3403
5241
1385
2081
7130
207
6155
3508
3373
2149
6078
5252
4506
8215
9837
7445
5077
4519
7861
4958
1112
3040
7357
2277
5189
8355
6792
8115
7728
7660
9481
9844
4721
8304
5312
9239
9785
9728
7261
2005
675
6013
8517
5856
1686
2545
8514
9862
7732
9492
6173
6334
6048
9077
6723
1696
4943
6487
2364
5088
6914
3601
8935
6775
1241
9679
6161
6401
2446
9409
7625
2714
1839
5107
4785
1436
4236
8732
2066
6195
4723
5810
1264
7649
2924
6104
8240
9368
5720
4107
9638
6049
9898
2445
3428
4503
8626
312
4839
4312
8613
8605
6185
8257
545
9744
5972
5010
9291
9965
4817
5955
9655
266
9605
2164
3085
9381
1630
7198
2163
7172
9700
7555
707
174
8002
4026
6003
1687
7338
2636
5467
7923
466
3974
8055
9864
1164
4006
7689
8360
1715
9840
1185
8637
6091
5684
4672
3795
8069
8394
1824
1463
3784
5179
4142
6667
6184
906
9185
9488
7026
2792
1446
9051
6560
9259
7073
3275
9069
9759
3801
2295
6945
1428
6974
5732
7230
7273
9817
6609
4346
8335
6748
994
6153
4432
3078
3299
4505
2132
748
92
4860
7705
5118
9139
147
9178
7591
4634
3406
1409
5666
9631
6074
1607
7145
2407
2250
3846
9829
3593
5902
7472
3931
4619
8735
4632
2029
4818
1114
7175
3654
6563
250
6761
6589
7943
9509
5935
3439
928
6905
5474
105
6584
1275
3192
8740
8527
655
2690
8437
5964
8137
5300
4808
2912
4599
2951
2740
9323
9474
7027
5553
4768
6207
4904
4752
9240
5481
8092
7183
3454
3362
1788
509
7994
9606
1681
276
9234
4375
5320
8688
8819
6968
2353
6773
289
5093
699
2896
2576
3702
2341
6524
2540
8877
7752
4086
6106
853
9001
8762
2060
6339
5030
8050
1919
1972
5978
2892
9083
9521
2794
5052
3768
6502
1845
390
3763
5188
2086
8070
4431
1334
8311
9216
2095
1201
8783
3341
7929
6075
389
2233
1066
3002
3676
8548
7486
4828
3705
8219
7513
2493
5770
9818
6034
2422
3456
7882
2631
813
9775
5608
7343
4275
6768
2815
1267
9937
3566
9705
1257
9908
3387
6123
5557
7080
9831
8275
794
366
4183
4100
6292
5572
5799
3740
2058
4255
8874
941
924
1248
5567
1037
3007
9432
5781
1640
9966
2368
8293
4065
6491
3877
230
9167
962
9953
6187
4856
5564
6954
9593
2596
2824
107
827
4015
4326
1242
2839
5045
9866
9029
4534
62
8844
6006
5879
6908
9403
7265
8568
5861
6116
4076
3266
987
4102
9596
9187
4037
6095
7653
1014
3945
8136
5204
3101
820
9120
8716
2302
6480
1488
4777
2676
6461
7964
9330
3628
7068
2819
5791
175
7148
3250
4911
6516
1816
4361
2566
6593
7121
7453
5925
8039
7221
720
680
2684
6534
1735
8731
4301
5323
7298
8592
9809
5676
1381
2362
4927
7610
5265
5870
4284
8882
6599
9579
9783
2052
7223
7569
6484
3238
1431
767
754
8771
69
6707
296
6802
65
401
1725
2575
8709
8975
713
5966
6544
7560
2449
5342
8171
1465
4618
8670
2113
8057
5321
2589
6923
2665
3430
8358
3803
6672
22
9351
1998
5986
8484
5837
7988
9920
2210
2007
7393
6806
3656
9143
4617
1332
2234
1000
9358
2882
8585
5208
4111
4024
4677
674
4007
6413
131
3809
3717
6311
4179
2594
9421
1017
1122
8893
8666
1046
5921
5782
8620
6624
650
8204
6842
9734
7180
6724
543
8509
2032
7015
3750
5071
4481
7674
89
9388
7408
9161
2045
1846
368
450
6209
1140
997
6660
3855
6782
1262
8022
6419
3953
6478
5786
8023
602
5180
4433
3822
8458
2584
7731
6638
344
9771
2065
2313
1678
8936
1073
5
606
6825
491
5153
2475
8890
2883
5585
3410
3562
6002
3412
2521
3902
4282
4921
6756
3810
8289
4761
9286
4750
2629
1646
4613
2108
9396
2616
2366
2412
1511
17
4425
9088
1981
7916
52
6821
8518
7057
9584
8388
9462
951
7432
811
7520
3449
1773
9026
501
5665
1356
6314
8461
3337
7734
7620
7390
7786
4965
2214
4765
3986
6982
2481
1506
5205
9012
9513
9528
2178
2603
6588
8299
4207
3752
2637
4797
6109
8855
5121
2793
8174
985
5100
7701
3162
950
1509
5624
448
1595
1263
4200
3895
7680
1894
7014
4415
9514
2610
7512
4649
4175
9176
2822
8630
5008
41
5407
8856
9438
8379
9298
5636
8498
9998
268
2372
3733
8916
9393
6984
3588
8687
9237
6760
1776
9894
2140
223
6640
6212
4793
5533
3698
537
430
4180
5233
2512
777
2747
8350
5238
2019
3994
9768
9721
5616
3928
7391
6276
7581
3356
4825
5203
3923
3552
9746
7159
917
709
6026
6921
521
8102
7327
3207
3171
4699
8209
3141
4766
9031
1827
9412
5993
4227
6879
4980
4635
3736
7099
6876
6223
2357
4660
1671
5897
2730
1967
6370
1057
6796
3441
1638
5958
3198
2784
3506
3133
5072
4755
9948
6623
935
8260
7189
812
6270
4139
360
2227
9385
6704
2138
9952
9045
5142
1462
3989
8650
1152
3714
3498
7418
6853
7412
171
518
3571
3911
9910
9868
1181
1230
9501
8142
6679
8323
3342
3121
9383
6824
9147
3083
7853
681
4054
2911
743
3115
2549
7415
4114
6390
669
5715
8748
5051
8222
3209
5343
6513
1016
2936
3139
8571
42
6942
8027
4308
4252
2426
3739
5476
9038
5706
4136
2099
991
7589
5615
9542
1075
7726
8403
2345
4715
4646
6732
867
3335
8455
421
2107
1402
8529
2292
8253
9124
1864
2525
1719
8425
9472
507
9150
8424
5496
1799
1440
3560
8427
6674
890
4294
5729
3313
302
6177
5820
4328
6165
6811
8120
5176
5717
6166
2417
1398
9600
8591
1070
3224
1720
9607
5222
9708
771
1491
6077
2780
3665
3692
6120
3621
5087
9990
7293
5303
8029
9199
577
6751
5882
3154
2175
2282
7278
5157
9724
8701
8520
1358
7103
294
8889
766
2608
7578
7
9312
9035
2324
7594
2885
1448
332
126
1834
793
1160
1466
8577
7222
2835
5159
9104
7975
8307
1917
9415
7600
6044
5443
1106
4963
8104
8411
3757
6847
9903
8957
4753
5000
6548
4906
6595
3388
7054
6269
1203
3248
5272
2181
7267
595
7755
7657
5469
3343
1220
396
3792
657
3372
7679
1472
2420
282
1461
6267
3444
9776
751
9919
318
1721
8729
1961
2472
7500
7782
300
9064
5332
1905
185
1259
9230
4725
1576
5725
6656
9262
508
4583
6793
3686
6696
1031
3975
9062
7012
4623
2550
6703
1420
5968
705
3690
9867
2606
6050
1732
4550
9114
4876
5614
4168
7891
9800
93
1847
3035
6007
4939
9696
6736
8896
6727
715
3754
6992
6101
7562
1920
9824
5400
9923
4981
3729
4491
5892
398
7300
1527
8153
9047
2986
1123
8556
4355
799
1196
7307
4414
426
154
6045
1858
4659
904
6224
8274
3330
2386
3181
9629
4468
8881
1291
6989
1614
2798
4842
7133
9309
3626
4541
5640
9566
4745
8782
4273
566
5887
8477
8172
7865
3010
6005
3468
7019
4564
7577
6121
5168
7161
5391
1510
6784
2615
1999
9159
7226
9764
7478
1946
1351
2222
3109
4303
4292
7862
4162
804
900
2898
3411
4036
8408
6069
2763
145
2186
6778
5090
4339
2746
7046
3114
9545
4145
7255
9687
9581
6025
6358
3546
9027
1391
4664
8116
3465
4039
815
8397
4148
1100
9100
3604
9168
5981
8414
5800
823
6610
3146
1142
977
5682
7525
4385
5974
14
6403
4707
5648
633
1120
3660
7051
1734
4794
3185
1159
6416
5559
5827
1206
6459
7536
5447
8772
3233
5983
5520
6262
5536
1131
2628
9043
478
3380
4344
6730
9507
617
4630
613
2147
4898
56
9642
1815
8144
1898
3640
5431
9821
9962
4497
7147
2795
3489
7980
9325
9072
482
7382
443
6134
3723
7926
2904
7690
8238
7531
6350
3231
8863
1405
6107
9828
149
7402
1097
679
2128
3981
9332
990
5184
9194
1283
6437
2416
8789
6799
249
9257
5757
3056
3435
504
3307
9706
6435
8313
4254
1698
3156
2914
2850
2825
9637
576
2424
5900
7750
4358
503
6753
2280
7939
3346
3725
6794
2998
4609
7558
7457
4335
2726
3432
598
5127
6317
7134
8177
3647
1039
2385
9595
9942
4060
2117
4666
120
9586
2805
1098
5482
6063
5119
4035
483
7078
6663
3030
3457
480
936
4135
3179
9814
2750
3253
330
4199
4059
4702
4991
6522
7350
6315
423
3306
106
3972
910
9183
1940
6046
1274
8751
6288
3062
1979
7312
4271
2562
8528
8608
3544
5934
8494
6671
5283
8008
228
3691
7385
7380
2853
4331
6865
1178
103
1758
1986
5919
8301
999
4896
717
2692
9675
7022
4589
8101
4476
1589
3958
4578
2510
3020
7241
9238
1929
7791
9767
2243
4242
3267
6613
8091
2253
7211
2151
9274
2264
3578
9040
8554
1189
1292
3884
7348
8720
1369
3685
9871
1588
3053
3966
1438
8048
5225
8904
6861
6327
1780
3914
3515
4731
1854
934
8639
215
3724
7076
9754
629
101
3666
5378
8660
6728
4561
1365
8920
1850
1603
1622
8598
16
4924
925
2537
9355
7177
3852
3952
9930
8999
1284
8560
48
278
7007
1819
4169
1345
5076
9976
1453
191
4424
4209
3929
4085
3057
7921
8757
3395
5655
1024
6202
653
5628
3310
678
2810
8060
6303
1416
9667
2463
727
1376
279
9752
4962
4378
4542
1620
8345
7565
5642
1399
1897
9608
1268
1251
2772
1800
6864
9857
9174
9071
7937
5556
8377
3978
9549
1818
3122
6321
6934
8533
833
8376
5040
9515
7032
5651
7009
6557
6042
8615
7306
9437
8169
5122
3742
9307
4269
1823
7843
2818
399
9551
1579
5209
8915
4005
8357
8911
4061
3105
1390
334
4508
2760
2318
7045
5138
1673
1970
7545
8279
8331
5444
4926
7083
9450
2970
8305
6910
2757
231
1249
1953
5037
3712
4143
4034
6512
6742
5913
47
6938
4689
9535
3753
6692
7360
5847
7612
6706
32
2398
3831
9105
8651
7165
5017
8581
7356
394
5755
8000
2527
1830
8905
3756
6575
601
8741
3433
6685
4197
7746
4095
8074
840
8839
6955
2617
8059
8659
4276
3579
1211
8064
5256
5311
5815
4094
9505
2100
473
661
3907
3837
8993
7477
4356
1570
3860
9036
468
7749
9695
3129
3532
1608
5686
2240
9484
7400
4954
1618
8349
9604
3197
6752
4874
726
1304
8888
7958
2120
9248
9779
1583
200
3747
3072
5653
1359
3835
4641
6644
4000
9311
7970
7483
265
190
9473
5125
5466
6017
7283
8332
2972
2559
3707
9672
9624
631
1287
666
2209
8854
9078
8992
1525
5683
1748
8766
5371
8761
8906
6189
582
4251
5727
4353
3211
2079
1429
6993
5603
7681
8828
9224
3586
1302
4474
7831
8623
9030
5694
5593
4929
355
8302
4771
9904
1145
6605
9589
1610
6818
3528
285
3107
1960
2231
424
2373
1260
2961
5439
1612
3396
3014
7788
5246
6087
8773
8940
7234
5257
6870
5687
6639
3205
8016
4357
3710
9304
9662
8704
2871
7000
9053
1081
7150
8576
3049
5086
2528
2572
4861
6029
5836
7431
5213
1215
765
8287
9455
6786
6396
6807
7817
4238
5550
5671
2130
8749
5769
8952
4889
8406
4257
1543
2310
6739
6199
8077
9209
6020
6717
5675
4490
6164
1682
5468
5078
857
1716
5128
5838
1378
4499
5243
1480
241
8111
7048
4712
1437
2774
373
7840
8611
3344
135
1176
850
5442
7276
4739
6460
21
9334
6210
5863
5997
3190
610
1782
832
8743
9823
9210
1558
9426
2258
3177
7934
9090
2840
9749
6590
8496
6813
1672
9136
3230
3620
9628
168
2932
9085
1157
8479
7066
7615
9548
8361
1770
6234
1169
9284
8105
406
6335
1373
4185
9538
4680
218
6428
6972
4322
1371
3195
9988
8946
2722
3451
8714
9015
6394
9974
9648
9654
4289
3247
2192
3461
5020
6503
9954
4002
9341
7867
7944
696
6286
6236
2150
4625
1891
5310
4650
5302
6085
4391
2124
2962
8346
3996
5702
2116
7417
2688
3648
343
4717
5346
2469
1025
3471
2183
7213
352
5062
6643
1825
9152
8390
8646
9992
5379
7436
9428
8960
8634
6924
1935
2244
4495
3361
7748
2884
2006
3268
9906
5115
7845
2077
2641
4362
557
3735
7932
7366
370
9685
749
2666
2118
321
4156
3677
1596
4154
6473
9220
3913
9986
5456
3241
1890
6345
6933
9418
9915
2667
7899
2923
3006
7658
9066
3358
1767
9269
1749
2777
4400
9253
3100
9985
7231
7605
2263
7049
2171
1950
1546
4278
9725
8382
5571
2915
5053
1216
1975
1060
5135
4859
299
7574
4045
2371
2706
3431
6319
5839
6254
7440
6872
3870
1086
4127
1072
4786
5679
9009
4453
2878
2657
6890
943
5814
972
494
6721
5403
2989
553
4457
8664
7897
9873
5449
5530
5832
7586
5869
2530
957
2103
7633
194
4334
1308
345
4190
1733
8373
4806
9144
7779
9177
7624
8044
8798
9361
1041
5846
6690
5833
2013
2707
2679
891
5795
2827
1916
8223
3140
9901
6112
4460
3627
4001
8093
3977
9008
4966
2237
7924
413
1924
1533
3983
3117
5780
7909
3614
5865
4807
2985
646
2808
3521
3503
3264
3699
3637
7098
1061
730
7927
1278
5263
8547
7664
3113
4743
9859
2738
1272
2956
8084
2715
3617
1254
6371
1035
1030
9573
3558
1349
1388
2169
2611
2455
9506
8454
9692
6720
4380
6649
7110
3708
4560
326
6186
9294
9653
4999
1886
8035
7029
3104
4846
1553
3124
2223
1645
3236
2663
9758
3793
9683
96
5818
9991
1836
7628
8667
36
6471
5428
5581
6626
9565
2759
2260
5455
1417
7808
6565
7254
7528
4521
2876
1094
9613
5823
5068
7494
816
1945
2127
2768
7549
8173
37
5301
1177
4908
2176
3262
7961
7677
8322
6055
5851
7643
1032
2470
1526
6151
4621
5912
1831
2437
7534
1562
5349
5065
2448
1541
3973
9750
4321
7559
506
8965
8407
6417
6917
7163
3338
9478
8870
8163
4757
5111
3526
7827
1751
8025
317
3842
2829
4153
477
6465
5561
8663
8149
5515
2218
8885
8641
7067
4516
9287
9875
7609
2873
8693
7388
2402
7741
8214
1360
3499
2094
641
2344
1865
2846
5462
210
80
8097
8184
4594
7824
5599
2654
3669
2008
8362
7106
9668
3375
385
8536
671
4887
4262
8443
7911
7349
1822
5130
3286
3217
7405
7637
1229
690
2678
5296
8599
7613
5173
4638
6901
3610
253
5542
5647
8162
8756
4215
6896
2555
8201
9602
2788
3013
9202
578
9451
8717
9267
9899
8198
7428
8170
2754
7383
8440
8078
8034
4554
7614
7299
6526
8042
2633
8832
3331
9891
8221
204
139
7743
9598
5866
25
3672
1518
4240
6845
2404
6338
2106
2900
9743
3332
4930
5969
7105
3553
5672
9633
2821
8319
1318
5708
122
3561
3041
5693
9671
3576
5046
2992
2359
8086
5502
8685
7802
5094
9329
7978
8218
3658
2172
856
8640
8208
7675
5269
2238
6746
403
5583
2279
7769
7118
3584
2312
7773
901
6080
9982
4237
664
6927
2450
1300
4870
6266
3864
8308
3898
6740
1597
1423
8511
9156
2146
7692
2656
9065
7519
1902
7475
6420
8392
4693
3964
7137
9213
818
619
212
8282
1231
9846
786
9714
1947
3797
220
1768
5461
9554
199
4704
6607
2718
9058
5471
8205
9972
907
5544
247
2396
9729
5962
7233
5299
9048
8363
6860
2179
7730
4298
2078
8432
5092
7553
6289
8367
1912
6687
4994
7394
3076
7421
8109
6041
9107
1647
1684
1447
6168
1125
8328
2269
9580
3598
4895
2809
1026
9524
6391
1697
892
7880
5797
7914
2242
5472
5984
7849
4398
4844
7868
1664
8353
7448
9275
8816
5926
6366
235
4718
7346
3463
9932
8932
4628
2018
9741
5002
9377
3327
1952
4014
4804
4332
9805
3759
1907
5932
2971
2453
2708
9414
7182
4395
6715
6574
7086
1474
356
8713
5944
7155
9643
5041
3001
5162
6282
4383
3187
3235
8123
9070
5660
9188
2842
4372
5907
2674
2217
9996
4676
7074
6086
9097
1871
4913
1208
6379
7077
374
3167
5709
9244
2317
5477
7599
7286
1832
8444
9299
1939
5650
7979
4575
9699
7031
1194
1951
9122
4379
7311
6479
7004
9712
1330
7986
4427
9310
9762
5420
9512
6647
3093
6889
8226
8833
5953
7269
963
4852
9467
7910
6070
2143
7262
5503
9911
9558
9397
27
9479
3652
4105
8553
2969
5943
9372
7034
5350
7296
5927
9856
222
367
8247
1297
3244
7411
9387
3278
224
3482
9670
8966
2675
8063
5145
693
226
8256
7863
2376
3937
8197
3228
3042
1740
9802
8234
2579
4437
6958
5453
8569
5314
5584
1508
609
584
5493
8843
4810
5784
7449
1445
2028
2988
8329
2202
9981
9055
8908
8545
170
8542
6867
7593
2967
5304
3096
4211
1712
956
9941
3650
5273
5718
1670
788
5763
5095
3425
8597
7941
3127
2088
9882
3149
9303
7900
996
6081
3938
7896
8114
8891
5598
3118
5486
4976
5849
3773
7933
5945
2082
6566
7803
2050
5607
9636
292
3265
1471
3565
6757
1538
2544
8901
1714
3804
8472
3367
7197
4345
4891
1955
5719
8200
4409
8986
7328
9789
8563
1363
6920
319
4573
2185
8573
9025
5864
1290
2205
4809
9838
485
7778
1144
6097
803
9788
4602
9732
3255
2199
3574
5480
7122
7102
1856
329
3582
8067
639
1370
3052
8849
3314
2578
2849
7323
9060
3992
4867
4302
3649
205
706
8513
9621
8249
5629
7450
8730
5597
4748
8738
6378
6248
2361
7906
8463
8886
1604
9044
4053
3249
9578
8648
1280
9117
3897
8178
2860
5195
4189
2283
9576
4249
5817
3284
8580
862
1166
3858
5035
8695
4892
8270
7289
7826
4953
1621
8692
6426
1317
649
6380
5967
9407
7548
7952
9892
4480
5930
7636
7551
6200
1685
7650
391
624
9780
952
4246
4313
6508
3583
536
272
7953
2553
3218
1253
6944
239
157
5855
612
5698
1266
9625
3402
843
4616
2563
3688
474
1085
581
9597
1544
6823
6936
7404
4067
8950
6691
2948
209
7727
26
9858
2435
4250
3713
555
808
7257
3066
2713
5977
7249
522
9141
4182
1454
7904
3
3636
6001
9375
1921
9997
9984
1786
7422
81
7585
328
6606
6279
3936
5377
964
4756
144
9483
8081
7176
2307
5492
7993
1190
2431
5587
5069
1326
3227
2195
9881
409
4949
7153
7497
5657
932
5920
4639
8806
7069
3720
7319
8759
4080
723
1884
7205
1844
5264
6545
5793
3005
6518
6559
6779
1867
9153
7607
4204
9476
7708
6347
6208
7324
829
7246
90
498
2139
2580
1872
3849
6980
9926
2514
2838
9688
838
4028
8263
7420
2085
4692
8871
4669
7713
7025
8984
9425
5454
7313
626
6061
1269
4955
6579
4881
2011
878
6295
3956
2638
9807
8869
4373
315
5202
2519
677
4157
3357
6362
3390
3572
760
3098
435
622
6745
3603
2890
8668
4483
2783
3251
3215
1641
2612
7292
8141
1455
3780
2020
4964
921
842
2048
1988
7838
3036
2136
6100
1432
9408
5494
1213
7151
1625
9718
8370
4129
7207
2899
8241
233
5201
8273
4936
6604
2241
8464
7783
2406
1507
2963
3279
9979
1372
8622
5325
3946
7515
6571
5421
8584
383
1329
2543
865
685
9379
5175
313
349
4470
915
3912
5878
5460
1842
9751
1197
949
5881
1277
9661
4103
8562
5244
4449
2154
4782
3510
7654
4055
5169
502
9851
8194
8266
434
6284
5146
3807
4805
3674
6062
6373
8959
2194
893
8745
8049
6941
4708
913
7580
7169
1676
7170
8232
7140
4592
8684
2535
4389
519
6375
750
5941
2671
4838
9715
9946
1759
9067
8298
9999
1331
4116
6486
9195
1348
5699
8537
8939
6330
2027
6662
9245
9927
8654
3252
6695
6675
3474
8734
9319
3531
2170
8845
5373
2389
2689
4847
5748
1470
9689
3890
6763
6149
5318
6766
9128
5235
4387
4075
9526
8272
206
2765
9994
4515
5621
9405
244
2319
814
4052
8103
2745
4944
3290
5802
8638
10
1573
5042
7618
2489
535
6994
6614
1554
9703
1170
9290
1333
7563
1103
4843
9198
308
2511
2251
2902
8998
5036
6862
4171
3426
6554
7795
9770
8334
7629
4728
6515
1923
5688
5903
6064
4306
2254
6214
274
567
7154
7811
3962
1707
875
9046
7389
8354
6374
4880
4869
9727
9002
2305
9057
3967
1710
4064
7839
2355
1789
8478
3354
9975
739
587
855
2600
1723
2520
2886
4667
9801
6360
3359
3711
2949
3311
9559
6498
864
5871
1679
446
2071
5824
2551
3437
8683
4288
7337
5971
2728
8386
427
163
9109
6681
9995
5562
8931
358
8779
6960
6439
8085
8466
5409
8754
9032
3796
2868
3537
3551
1892
3988
8814
8405
6281
333
673
9006
2478
7425
3501
7203
4484
6193
1763
8522
7902
4959
3143
6598
5441
4973
5396
896
8228
2515
3893
3026
9050
8480
7925
8490
5215
548
1514
5994
6233
167
1279
3518
2659
7259
4248
6141
6525
6115
6906
3766
618
5695
7470
8951
8087
6808
1067
7084
4502
6325
5886
395
694
4744
7907
4377
3894
8728
2285
747
6812
3799
5590
5139
2649
1286
1675
3132
4612
3021
8410
5240
4695
3748
6418
6238
2330
4078
7801
9511
6655
9883
740
5960
4749
7174
4992
5848
3048
7050
4342
6326
4878
5762
561
9179
8758
452
7171
2090
3867
5133
5517
5779
1484
7881
9249
3097
4178
6167
4691
9978
8337
1200
3397
4916
8589
4412
1866
4119
9264
2456
1655
9489
8269
464
104
5586
6263
3687
142
9922
8310
4022
7969
3088
5103
1876
7059
3159
9722
5419
5834
9181
2577
6386
3718
9740
6032
8196
9281
5578
6885
1809
7433
2826
5804
1657
9796
6517
5417
8887
824
2365
1228
8127
9172
7596
9895
2391
1804
465
2888
6537
4079
3478
4559
8007
1489
1548
2756
1293
1551
5279
4337
7901
918
1616
6603
6884
4160
2166
7955
4109
2296
5619
433
1224
3776
6582
6192
7715
7672
1532
7240
7659
7354
8644
6536
5506
8094
8976
859
5938
3734
3689
2443
1873
2749
2929
2466
4193
7860
4517
1593
9626
4579
3165
5654
3351
2157
4993
8420
2331
5158
44
417
7832
9106
1407
5385
6699
7963
364
7379
634
9769
8680
5438
4500
6919
4494
6636
6402
9336
4518
2457
9236
9835
6232
2069
9285
4244
3743
2055
339
1119
6323
3630
9815
4230
6309
7287
8949
6194
2779
8374
192
3700
5185
9585
4767
5026
7245
102
9041
1524
2683
8673
1481
7789
3219
9658
2392
9133
8775
6454
8910
1034
3434
516
9825
8250
9033
476
2129
3738
7651
2573
456
9204
2864
6113
5402
4633
955
8030
8014
2068
1364
9464
6302
4128
4485
8534
6892
5029
3046
4093
4971
8656
3193
7332
2921
8038
623
4263
5963
9582
9527
3901
1829
2694
782
7632
6316
785
5004
5965
6114
4382
5370
8333
8750
2869
4989
668
138
9010
2208
3106
4709
2334
7645
797
5528
5499
4610
1513
8822
9739
1779
9623
5712
3834
7739
7697
5104
9103
6482
3450
3836
7792
8647
2646
1624
9400
9111
7595
1855
5242
5522
9872
7439
1838
3225
4393
695
6364
2390
8823
4532
8193
6787
7813
5374
2897
7274
2717
284
2695
6527
8812
6722
558
2370
9352
4323
946
2414
8046
5600
7263
5131
5150
4990
8746
453
2999
5295
9682
1964
4591
3323
9276
4352
1045
34
2786
8213
2991
2926
1567
1099
3587
420
6183
5548
4144
4057
2144
6521
9733
3509
2115
2189
4821
905
1038
5716
5883
5050
6400
5143
156
1692
3863
7859
3213
3176
9693
1008
1581
7493
3775
2737
7766
1540
4741
4220
1151
7856
3480
2939
572
2109
6977
6463
4984
2709
7101
6353
4042
2643
3270
8396
663
3381
4270
7114
698
1808
202
4439
7188
5774
7297
8707
5117
6398
2769
7822
1195
3168
3271
3888
3844
4459
3345
2770
6564
2811
2137
4956
6900
4504
1079
4430
325
6346
2356
4013
2122
8495
2266
1243
5255
2180
7111
9960
9339
5356
6016
6541
7908
1062
2546
9313
4998
5582
6014
8066
5535
7149
2265
4253
1914
7062
1694
4531
7377
8711
2918
1629
4360
2097
1502
158
3681
916
1163
4901
2023
8351
2496
1659
6103
2145
3384
3407
6213
8929
5331
2126
6987
8696
7710
1652
4679
8439
1459
2703
5638
3595
5735
3090
8764
1619
4751
6780
9698
3745
6475
3589
5565
8602
5620
1048
1651
6501
4925
8566
1068
6206
6801
1726
1116
1023
4643
2320
341
7401
2358
5829
2206
7762
2582
1301
4442
8036
6969
4710
7435
2908
8796
3012
4974
2954
8643
1631
3408
3123
2741
9458
2938
3948
7671
1483
1400
196
954
4934
5811
8267
455
7696
672
729
7781
4435
4735
8129
1322
459
8649
9841
1828
3058
3671
7507
6283
3875
2547
3378
8121
9826
7104
8982
3116
440
1011
7229
9622
4420
9494
4266
2016
3633
3443
6015
573
5909
3111
5751
5807
3910
4232
9395
930
3664
219
8632
1396
5760
4403
5700
2630
4800
1783
5249
9021
8189
3015
4631
5637
8504
4349
7030
3906
8768
5448
3549
316
4469
2856
8938
7318
9360
863
4837
5066
8769
7820
4434
6444
8167
3963
665
4369
5060
1408
3069
9134
1519
9289
6961
3126
1058
4333
3300
9093
5007
7898
5025
8368
3301
4498
8555
3693
1796
1580
523
133
6911
1340
9255
2625
7334
2076
1539
9252
4615
1650
8006
2080
3472
8119
5749
1496
2609
1179
5031
8442
8058
3263
6805
6431
5852
4307
5294
7647
5575
6012
6384
1688
8671
1968
112
1911
148
583
3651
442
6138
9314
914
2017
9231
3772
2000
2333
4475
2875
8601
248
2388
7873
1908
9799
2004
9735
6973
8468
6237
2522
9547
4218
8579
9435
3904
146
7888
6887
1754
884
3393
2215
1741
7462
2221
8557
2669
7962
6776
9419
945
3464
6986
1357
3232
2047
3642
9591
4671
6612
9497
6882
1600
7215
2983
9277
9659
6083
4738
2557
5183
7616
4652
1346
4700
6790
5714
1738
8983
9855
7996
8588
6532
989
310
9191
8460
8421
837
4471
9666
134
1406
9363
861
2833
3512
9537
234
6750
113
1944
5537
830
7430
6476
8596
4850
8802
6835
6697
9786
5079
5785
411
6204
6094
9523
6162
8616
8883
439
9556
342
9897
7967
384
1002
6891
3865
4300
66
2230
1312
8073
3825
7930
8430
725
6731
8040
8080
189
9656
4848
3933
3476
780
8974
3839
1582
1375
7271
1772
4547
5554
625
2828
7186
4234
454
2980
762
481
8512
6875
9522
6031
7767
6172
4849
3458
2731
7144
2288
3366
1347
4942
2953
5788
7427
3987
6304
6963
7426
7805
9443
3421
9034
2523
4835
3283
6935
7096
7702
8082
9713
512
5948
768
1320
7736
6332
5646
363
9931
176
9149
1837
1412
4245
5518
4868
2393
2681
967
2599
9074
3840
3716
4161
4727
2220
4662
2447
2360
8295
7847
6831
136
2968
7117
5049
4535
1700
7369
2322
8564
9737
5360
1171
414
3067
8009
7922
787
8179
1209
3424
3600
4513
5685
6965
7721
3550
3212
8244
9726
7474
5875
2538
5336
1240
7790
1571
9870
7444
7816
4598
9273
1374
8793
1074
4077
6929
1717
5723
795
1574
5164
6922
731
4118
6810
4907
6118
1803
2797
7252
4381
7146
4087
7518
6496
2480
7948
2379
3696
6741
5697
9056
4421
3602
6642
3554
6956
688
9569
7913
5622
9140
5888
1936
4203
4882
2626
5229
6999
7381
9853
9166
9663
9460
3644
4319
7088
7253
4558
3155
3319
9887
5664
9345
4451
938
3673
3029
1165
7065
6628
6421
8285
6530
1294
4941
970
7392
3570
8088
7635
9630
9893
2225
1781
4656
1875
5102
2271
3285
8053
2682
8858
6569
5601
2570
6000
5073
1731
9697
1623
4010
6770
4259
7981
8842
579
8
3491
8799
1517
8352
6567
1232
1013
6021
5120
8220
834
3976
5338
3993
9649
6298
7466
9550
6894
6520
8017
7521
8770
8914
376
7353
6090
4163
3277
6196
4158
7317
734
6931
845
1384
7866
46
8380
5284
1127
6495
6552
3536
1931
8927
3755
275
4205
23
8202
8138
6180
2964
2114
5096
5298
3608
2131
5898
7627
9784
6293
8834
8841
1849
4384
3360
791
6868
8300
5347
5365
4576
7342
9076
5286
3130
982
5478
1050
4122
9490
4776
4051
5268
1442
6098
9822
5532
6242
2518